1807
1249
1073
1658
1930
272
2544
878
923
709
1440
2165
492
2042
987
503
1327
1729
1840
1612
303
169
2709
1157
2560
933
99
1278
2816
2335
97
1826
512
1267
2810
633
979
2149
579
1821
967
2672
1393
336
485
1745
2228
91
1194
1357
1001
2153
1708
2944
2668
1490
2124
1196
1530
1903
2722
1666
549
2024
2801
853
1977
408
228
1933
298
1981
2635
13
2865
814
2063
1536
425
2669
2115
94
1629
1501
1517
2195
105
404
2451
2298
1188
2123
1505
1882
1752
566
2716
2337
2438
144
501
897
1871
2828
137
1358
1177
2397
294
2904
2609
2231
1745
2175
1635
1298
142
1399
968
1412
1260
2557
594
2008
2395
1968
113
2530
1006
1962
1942
2365
82
1852
2767
1821
1695
712
1671
1901
590
831
2738
57
616
1790
1640
679
335
1006
2972
2098
1095
2319
2454
1223
289
1760
2905
126
123
506
2813
770
2238
94
2220
1844
1366
1534
1226
2394
1363
738
844
2590
1550
159
2623
1947
385
217
272
1539
1247
2385
496
1885
2623
1420
2144
968
1735
915
2625
2534
1042
11
2679
1152
2244
295
818
2396
1692
1815
991
2033
2669
397
2553
547
2825
2210
662
2211
2808
2377
2761
2625
2335
1868
995
1776
1767
439
874
2331
2556
301
2872
560
1094
1984
755
789
2407
15
193
1769
680
2455
855
1506
963
502
1676
1108
249
2331
2844
638
2808
1997
651
849
1203
731
531
2014
419
775
2009
180
2929
223
1054
2260
1737
1545
1317
525
200
1256
2564
597
648
1704
1550
150
976
1412
2554
1797
2504
2381
748
1065
2378
2699
1209
1129
2553
1483
2447
2607
773
1322
1305
1176
53
2224
1630
2366
2400
444
1370
285
16
1898
1155
2133
557
2576
1178
1266
2357
1711
878
1614
819
1737
1133
2591
1720
1762
1633
197
2031
2588
2589
873
2877
304
2358
1200
2254
2960
1915
1947
2480
730
2955
546
2107
1238
0
2926
2035
1857
113
2114
593
2360
354
418
357
585
729
1015
563
102
2917
643
2419
2967
747
269
1395
303
1473
2103
2748
385
1658
1459
2406
2930
824
132
2973
1603
897
2920
1950
231
1480
2203
2900
520
1533
2258
2003
1676
2950
934
2780
1879
1832
574
1549
2542
2249
2771
2310
1879
2983
970
2040
1723
650
2971
2229
2318
1746
299
1230
1621
776
2124
2244
1958
696
771
2064
560
1598
2751
1940
503
1551
801
1205
1080
418
1274
1649
1413
320
1025
2012
783
2788
2117
2008
2550
324
195
2257
511
690
666
410
593
2553
1565
2960
1742
1403
1352
1307
141
1910
200
1799
2127
2171
2787
2414
1625
641
2517
2348
842
315
2974
1445
1373
1220
2911
239
1054
2305
2929
253
2189
166
356
304
860
2898
592
720
1116
580
2867
2352
1939
698
2901
2811
1616
2891
2671
2728
1671
1661
45
120
1240
158
453
2627
2350
1711
563
1594
2533
727
2827
2795
2531
442
2516
2006
2515
924
1601
97
661
103
324
108
1936
1281
2015
2710
1216
905
2973
781
720
1791
169
1865
1827
1536
728
125
1384
167
2949
476
46
576
1666
1467
1520
1384
2991
210
2258
2211
2744
2518
718
934
1825
767
1689
818
2014
825
918
28
29
2034
1727
240
754
1540
2396
1935
1083
2048
2865
2011
252
2064
1876
1237
675
2245
1710
2415
2192
710
747
1037
2299
447
2715
693
1579
129
2164
979
501
2525
1289
958
2033
1800
1089
1670
217
2846
38
2543
338
2936
1321
719
496
1247
2788
2359
987
1035
2235
2912
2684
1989
1784
1734
2667
1519
2615
2045
2976
2661
1825
2819
1631
903
2698
1798
2639
1004
1503
1679
1765
1391
107
2924
2365
1121
454
2106
2450
703
1832
1032
1141
1654
977
217
1900
1289
1465
1747
2622
1879
1317
516
2048
1762
29
39
2708
2903
2657
1761
752
466
621
2557
2996
955
1930
1494
1555
2221
312
2293
1427
1232
1444
2791
2198
152
856
1570
2303
1439
914
799
766
1835
1921
2043
1752
2086
1719
2150
2410
1623
2669
2605
2943
311
2431
2992
2816
1699
2971
2639
1370
2836
2891
857
1833
328
177
1410
683
1176
2489
2091
434
2711
904
1026
1891
2790
1522
364
890
2884
813
441
127
1179
1784
2537
1870
2561
2581
2165
1802
1732
1332
854
1759
2847
1377
2462
1010
1819
150
1377
941
836
720
299
1112
1759
956
1390
2152
48
2014
2044
918
150
101
1295
1821
1731
2501
1245
1961
57
2510
2928
2805
2173
2137
2669
2096
1503
2421
2675
518
300
489
262
1054
1263
643
2889
2250
2735
2415
1364
494
963
1758
1652
2092
316
1714
2420
1060
450
1368
741
2847
196
1787
501
1234
2128
2571
1448
875
253
2871
2329
1293
1719
471
1820
1764
79
2630
2410
2080
2113
342
138
382
2044
828
1393
575
1980
2000
1596
1947
2370
1087
1543
2733
852
2261
1824
2400
2380
2778
2857
423
1498
1014
2845
662
509
610
1849
2218
290
2055
1743
555
1385
1534
1275
1321
151
1226
251
459
1783
2714
1437
879
2698
1100
2137
1285
878
284
342
1915
2960
1067
1140
707
566
2728
562
1363
2969
1890
2623
278
2313
1761
1010
840
2978
0
2394
507
1656
551
2786
2431
544
2739
1776
1584
252
1108
1514
454
19
28
671
370
2663
947
24
2543
854
2008
2981
2552
288
2163
1359
1019
1379
356
461
487
353
899
2788
244
2880
2466
283
274
236
1909
567
1834
2939
1684
651
2549
2266
467
2110
1589
1327
2773
581
1295
1936
874
435
1231
2972
28
1798
1070
1587
297
2089
2646
2090
1111
1612
1463
112
781
951
2230
321
213
1128
1950
2600
1959
2754
2992
1194
1330
1632
1559
777
779
632
1272
2383
1081
153
1622
2521
956
1818
2591
1900
2196
2120
2704
599
129
1144
1175
1870
2416
1599
2080
2618
288
2452
1128
800
662
2840
1149
2385
583
2515
2659
1878
959
2561
2382
48
54
1440
381
2770
28
1251
2544
869
1595
2469
2710
2172
923
2125
219
2850
1431
2243
2846
2869
670
394
2610
392
1064
1524
2361
1519
1620
1562
1661
725
1434
2949
90
322
1260
2093
928
1122
381
366
2468
2023
722
2639
517
2793
364
1178
1956
771
2341
355
2836
2489
728
120
2902
1312
2616
2347
2946
1851
672
1811
1523
2736
605
607
2633
2866
2553
1412
2925
40
153
1257
2733
2295
2139
2251
1258
694
2160
138
929
2875
1598
292
2633
562
2276
236
646
873
464
1484
1192
1119
2842
328
1859
2262
2145
716
2127
172
2748
2000
370
398
2292
1545
928
1300
2143
1192
563
1783
1272
1801
9
2221
2486
1513
1769
1531
357
1819
1486
856
1816
254
754
1814
1615
2537
1966
2297
877
1760
2412
1191
1231
2174
1463
877
324
784
1833
2750
2527
2999
429
1609
2144
2364
2451
812
1979
134
1407
1583
1600
2259
1310
753
1891
1321
2225
2253
929
2096
2553
661
1858
2491
963
920
768
1687
526
472
2219
2641
2204
951
92
1445
2370
474
1962
176
1317
826
2413
2344
571
2979
2035
1129
1288
848
2978
1617
723
838
1508
1929
1926
968
806
1199
255
1829
276
488
896
819
1864
137
416
1318
1491
2683
2398
2120
748
961
2651
2018
1977
946
661
478
1228
63
235
506
308
2968
679
119
2323
1677
1392
953
1978
853
295
2271
2475
2204
2962
32
1819
2531
35
2468
468
1610
234
1270
2778
2265
45
2279
75
327
1687
1363
37
766
1534
83
1675
2184
1555
156
399
1664
1093
1886
2633
1924
1047
194
2330
2767
1665
910
682
2805
1314
1652
241
1585
591
806
760
1960
912
1403
430
1085
200
1585
2467
484
1988
1200
2686
100
495
1199
1102
1428
1183
1917
2136
802
489
578
2725
2789
722
595
1605
319
691
2721
2774
514
862
2706
283
626
2419
1801
2330
1644
1375
1258
2462
1131
1736
2720
2308
2024
2947
508
411
1397
1000
314
2896
1999
645
2533
1962
539
1754
1821
1286
2536
1010
2662
173
1493
2635
1988
571
838
821
2891
2413
1560
2957
1092
2743
1775
2768
413
2415
2636
1891
2347
2369
1832
2134
2928
2143
879
1906
1054
807
2537
203
2421
1447
2034
1949
416
1759
2938
1550
1183
2186
2096
2685
1524
1922
363
181
12
251
202
2495
2536
2454
1208
2980
31
830
2095
714
112
2136
937
9
685
919
2381
1610
2908
2609
1439
867
1119
1266
1999
2520
2515
1577
1922
142
980
1881
1885
2030
1325
436
1994
1945
2602
1233
480
2456
2834
2517
881
2781
2458
805
992
1160
2651
1201
2542
1944
1635
1555
1872
1443
1322
13
441
1781
1779
518
1160
2729
955
82
1364
1032
2313
195
328
504
855
1711
2881
2610
904
551
1616
1761
2864
1405
2122
2113
1943
1636
118
1994
1188
2743
639
2502
2343
1070
1219
212
1317
1932
1782
97
1859
73
2590
819
2010
911
2015
1978
2542
45
2270
2562
2008
983
99
709
1213
550
951
1665
502
1617
2953
2299
1916
584
869
2442
503
2515
329
2257
382
264
2352
154
526
27
1755
1259
1952
2386
2422
1129
1786
2549
1879
2198
2890
2603
686
2443
827
2585
1198
2587
1817
1031
2476
461
563
214
1383
1832
1722
1511
791
871
142
733
553
1030
380
704
915
2887
1110
2681
558
2786
1433
2040
2659
1936
562
1938
2754
2526
2526
1712
595
1621
1177
2341
2158
54
2020
1197
1727
2451
2462
1332
937
2804
2057
1405
907
1943
2258
1539
1343
1697
2281
1965
2457
605
2117
412
1624
1184
1459
1299
2216
740
2851
2846
1922
1893
1615
49
1361
1649
231
2796
2123
1696
2444
2250
2238
2431
359
2935
265
801
1387
1437
948
2120
424
1894
1775
1903
1989
1286
1845
1143
257
332
2261
1578
2104
2202
31
220
686
630
643
1367
1648
1844
1317
1749
2125
1273
1863
1416
2680
1348
1979
957
1814
2705
2189
2307
1905
527
2614
2715
2308
2897
1449
1495
29
1026
2866
398
2985
662
2518
853
579
2203
2383
2723
1559
1221
174
34
675
1702
436
279
2915
1750
13
2850
1492
1948
83
2981
2847
1208
1706
1178
2306
2267
2114
910
470
358
2617
2946
1304
656
1663
2637
2898
734
2656
2508
1012
113
1280
1724
104
1613
73
1962
2979
377
1269
2147
1631
753
2633
739
520
194
2597
2424
2871
958
2320
948
1018
2401
1517
392
613
580
356
1940
594
868
1670
463
649
2134
2425
1871
1891
650
1217
10
2654
2525
2901
494
392
34
970
546
1187
1121
1565
2589
2971
2865
160
2110
2775
109
2694
323
534
2474
414
494
2423
2875
1077
1357
627
2222
1574
172
839
39
2183
2417
530
890
1606
1896
1012
895
938
2516
321
684
227
578
2460
972
2487
1635
1581
2526
1194
30
1295
258
1419
212
443
1312
1706
1628
2593
926
2226
1726
733
1981
1296
392
1061
2009
1377
2124
1522
240
1052
1815
2180
1292
2151
2052
2973
677
2417
626
1465
1261
1739
1849
7
1719
2430
1376
1825
1581
327
1659
1497
193
225
2829
2822
2348
1553
1879
468
1227
424
1431
277
2406
1500
2272
2601
2930
698
2077
1549
1294
2127
652
1059
2577
1670
151
224
2084
1020
1015
1219
2177
695
1895
1664
600
118
117
1723
1617
2754
568
587
1575
1913
2122
157
1716
1582
2142
2962
2008
1440
2305
2170
1406
201
719
1620
2962
1317
135
752
894
235
2610
2831
1363
851
2847
451
110
2549
447
1234
748
1223
1088
1771
932
959
2256
1345
1702
723
2889
819
2494
886
2107
1392
1500
2946
1401
1365
2744
1756
2474
2917
2775
695
2866
1864
2491
791
1940
756
59
1897
97
1309
1563
2022
85
2899
1519
1720
2392
148
2053
1776
2876
1833
2797
2193
2903
1008
2374
1766
303
630
581
2186
2725
2669
425
1158
2185
2399
2421
2114
1260
1056
1872
1053
1853
1775
581
555
1162
48
2745
1452
2470
631
2400
263
1547
2919
1370
201
2959
582
1579
2996
29
1501
1656
930
1581
420
362
151
45
2170
1454
2157
1093
1015
2808
1861
1966
2173
1878
2086
30
1052
26
1379
1710
2432
1951
1772
2301
2187
1879
608
537
36
1202
478
2123
1088
574
509
596
123
762
2123
1846
2879
155
2674
722
431
657
971
1579
1194
527
1656
2036
1216
347
2813
584
257
860
1557
600
1236
1513
533
1475
910
2162
1266
806
108
507
1173
1537
896
1055
224
2466
1408
1833
561
2557
1571
576
1114
1914
1289
735
2859
1638
1694
460
927
343
842
455
2121
2711
2580
2612
1809
1690
1483
545
2438
434
1938
764
481
1840
1550
118
175
598
274
1687
842
588
820
2782
805
2734
2220
1046
1903
620
1850
1975
2362
1342
1070
438
1142
115
735
1177
734
267
874
1580
1390
696
6
2881
2043
2272
355
2638
2975
2620
375
1986
2197
2305
537
1595
783
1495
176
883
82
827
2151
1599
305
951
2377
6
2790
595
2396
2661
2231
1725
2606
1379
470
24
1357
1122
53
1473
280
503
1083
1934
1582
1857
563
1041
1637
829
2687
1786
2951
1094
1622
1630
2630
1154
506
2219
2717
1483
139
1913
1692
2639
144
1068
83
429
1865
1805
387
1940
287
1197
679
1568
1363
900
999
1447
1501
2488
1205
2320
2244
572
2076
2430
2319
969
988
629
2152
1132
2558
607
1681
562
2216
2409
2245
1548
1685
708
813
2867
1105
1614
2654
1335
1470
1163
1979
1958
2039
1059
945
2523
2748
744
177
2737
2491
42
2498
777
2004
2382
1556
2175
133
210
2292
1670
270
953
1353
2328
1128
2873
1082
1771
300
2405
1455
1621
384
2934
847
328
1488
1785
1308
1158
774
923
261
2872
924
1335
1389
1856
2344
2998
747
895
2967
1383
576
2943
1836
1537
1146
2362
1757
942
1596
1903
381
1281
1294
1788
804
2655
2687
983
1217
1565
1293
1256
1938
1851
1487
2190
680
1832
526
1429
707
414
2617
1925
638
2526
1545
2357
1125
1307
879
2551
1641
959
2981
2465
325
2494
893
1064
1563
429
2501
1872
940
53
2329
232
1280
359
1474
2040
776
589
1704
18
968
2486
266
2662
1374
698
1821
2027
1415
2227
2841
409
158
2935
1765
761
2761
2832
2272
219
194
2803
1254
1131
2516
2304
683
2474
2113
2411
2544
708
759
1805
672
792
1172
2215
1229
2513
2143
2480
2509
305
2184
1049
2511
1209
2383
2848
1785
1307
760
580
1989
1063
1733
566
2585
1200
585
2442
2174
2391
1663
893
303
198
1363
1761
2991
1177
1089
2797
1829
1712
2569
2860
531
465
1711
513
96
2050
2804
1123
1888
2722
1820
1816
2365
2377
2372
1612
2380
2076
1900
2041
618
1475
2919
1943
2763
2781
1058
2582
2467
1152
1551
1461
895
1617
1429
1627
2991
2286
1460
1456
2992
1001
239
2411
384
1970
513
2670
1308
2985
120
357
1245
2297
1879
2199
1702
783
167
419
2969
1137
829
1799
618
218
1805
1815
837
1315
1129
24
2915
2966
472
2496
2160
1778
279
371
1324
1445
780
2577
2558
2954
1115
2608
621
1608
945
852
1095
211
2010
2160
282
1910
282
1110
1301
860
2635
1020
1684
6
2605
1708
777
2624
1049
1993
1544
416
624
1081
61
1985
2638
2203
507
22
2013
1295
2851
183
1698
1857
2800
356
2089
801
499
10
674
295
1528
1691
1647
1581
2293
520
2168
2415
2476
524
2053
1764
2487
1795
2519
1693
2806
2505
2231
378
2349
2230
1209
2387
1632
1974
2984
1270
2553
2911
2388
2164
1938
2688
2607
662
2158
1816
2175
1977
2492
377
2029
1290
1860
2751
1027
521
2439
2740
1364
2777
2136
2005
11
2684
2655
1975
1159
2539
2649
899
172
1974
2990
2466
1742
1222
21
460
1834
2447
293
417
2101
365
1248
2774
332
1388
2765
258
2
2310
719
1310
2437
2992
2736
848
2008
2750
2933
319
2037
2632
1694
1593
2010
1811
2905
458
2207
2553
2574
2664
2907
2802
2814
2869
2439
514
87
595
448
1067
2313
2867
1560
253
1670
883
956
368
226
2400
1322
437
199
571
896
417
1341
1158
2435
2888
471
873
1107
920
1292
1193
1552
1189
2013
1828
603
198
1417
1550
988
2546
43
365
688
2811
766
2443
638
1004
1167
757
2122
2046
2331
703
2120
2027
464
2951
205
2729
842
1416
2188
150
685
2302
673
1045
1397
115
252
1388
2386
528
717
2622
1723
1326
196
661
2079
2884
842
1890
597
2628
1311
343
1544
1452
925
238
72
1387
457
515
327
1761
782
2977
2144
228
2813
535
901
239
1723
1323
964
991
1458
959
343
1748
2527
2452
133
8
1541
2121
2899
469
730
2381
1576
213
2507
1154
398
1469
2415
2680
647
2827
2475
1788
2186
1864
1247
1706
2038
627
1702
331
79
757
2146
2727
440
738
1441
842
502
465
2369
11
1908
502
1843
1373
2080
836
2002
564
970
2401
587
1040
1108
955
205
787
2414
1401
2665
1999
1159
2457
390
2043
1882
1482
1903
239
184
1261
1604
432
27
784
524
856
1414
707
2948
2608
2904
1987
1835
1732
1136
757
525
564
1954
1328
2233
1623
2230
1244
1370
132
304
2285
1679
1164
1655
2126
679
410
2720
2590
501
224
2349
1967
1802
2710
2504
763
160
1964
1928
2927
2101
1600
2382
1544
985
2069
1823
855
2768
1678
927
869
274
1421
237
1557
320
2789
1812
242
683
802
541
2152
67
987
288
1107
33
1832
281
503
2232
427
2750
1985
970
2019
2023
1865
1574
2217
818
1793
1200
2534
2791
357
119
1545
793
2612
2079
2969
1518
2830
1498
549
1657
1190
2768
808
2426
1872
652
2117
1993
2611
1441
1731
1707
2268
1763
1801
922
737
258
2978
2046
1194
2163
1583
1910
2084
2773
2787
232
1769
307
1762
484
1148
1135
1630
1698
594
1626
1050
2134
2815
2068
1591
599
2371
569
1601
396
410
1873
592
11
128
900
2512
379
539
2069
851
1414
864
2884
1611
644
2991
127
2441
399
397
2495
6
2291
1911
2538
2882
2453
1318
1123
3
1980
808
873
937
1180
1899
293
249
2143
2818
946
2075
1775
2281
1776
2330
2335
128
448
197
2162
661
247
2337
814
1195
630
807
856
1325
2343
666
2015
2850
142
1075
2523
1865
2012
1029
1380
973
2157
2556
1223
353
1006
1952
376
1362
1938
211
266
2294
2309
682
2396
2009
2296
644
2735
765
658
3
2903
1404
2846
1955
950
175
627
1963
152
2711
784
1987
1116
2277
251
2290
1683
220
2999
1790
2242
311
1836
2262
1660
2269
714
1278
2066
2957
899
1850
1019
298
2643
1968
2176
2501
2046
1488
720
1481
1249
1711
1347
2844
476
796
1078
2256
1236
2662
2639
2639
2479
1487
2266
100
2606
2091
2356
898
346
2870
1633
1001
590
2384
58
2127
1594
986
97
89
2235
2727
1968
500
1464
540
2788
1210
2883
2223
2831
2623
2156
1714
2812
1169
2752
1162
881
1935
1235
1671
1424
2070
2866
2593
128
626
333
199
2303
126
1688
1241
489
1419
2681
1415
923
798
452
2268
1961
2889
1501
2183
993
2420
613
2042
2026
1250
956
432
306
2892
964
902
1906
2090
719
2302
134
275
992
2432
2594
1769
2043
947
2427
2795
964
2793
166
1094
2484
558
2321
1666
1870
2742
592
2154
1129
545
547
1272
780
2796
697
246
540
106
1400
1643
781
2414
2775
1217
2302
1892
2011
1868
1275
2137
798
2432
737
2766
2586
1692
1504
2960
1459
615
1395
2385
2281
63
268
564
78
425
504
1115
526
586
1740
1723
2908
1550
2059
420
1097
1079
18
1317
1157
2030
721
51
71
1528
22
2599
1952
1256
2749
76
1704
648
687
2633
14
2657
2059
2210
276
800
2016
1170
72
1555
2442
2786
914
1586
129
2283
2587
1587
2731
659
1585
2199
719
571
1269
2703
1653
2596
2441
298
148
2237
226
2021
2928
994
2563
1327
1747
1198
1931
190
890
330
723
1617
129
1307
1183
539
1374
2433
1146
2489
1131
871
155
1036
2479
1146
84
876
2874
1384
1385
1887
2545
1249
2900
2986
308
413
1912
1527
1950
1642
2185
2971
2349
1854
968
260
596
759
1673
2298
2685
1948
619
1167
2104
1133
2429
790
94
2966
1031
1411
269
758
399
757
2745
1423
1655
1775
1220
1676
2975
85
1768
1592
1567
2824
144
786
190
2113
1325
1238
743
703
1312
1611
1896
872
63
896
827
365
2703
1219
2243
871
1600
2249
529
738
2797
2965
2916
1443
779
947
1648
177
2148
2580
2560
138
1992
761
517
76
1588
542
1145
104
2779
1469
2675
465
753
715
2540
2169
1027
2701
1156
510
1585
693
706
593
472
815
2299
1505
446
953
1037
1149
2822
2120
454
1822
1846
1459
2196
1128
2752
2216
1657
1876
2299
2193
2903
1536
263
1435
515
119
2621
493
1152
1344
515
1876
2623
980
2009
1937
923
1885
742
1441
757
802
698
243
2162
2385
1334
992
123
1679
83
1894
1386
1552
193
277
609
454
67
568
598
150
2052
2854
2432
2508
401
2190
2141
1344
2194
2287
174
2331
937
1582
296
1881
2272
2182
433
1256
2236
1530
415
1070
311
333
546
445
520
597
826
2912
1014
833
501
177
1983
535
945
366
2870
269
2547
1584
2781
2332
641
1281
501
2247
2223
815
1861
1661
2232
2026
1740
562
1964
759
2577
435
2055
1823
2926
1059
2923
1865
1939
2646
1667
721
1083
1951
1673
2043
1586
1599
1417
861
2793
155
1614
294
1916
2673
207
1201
380
1058
804
2091
2844
2381
1963
198
2592
490
1720
1954
429
2740
181
960
2555
1182
979
1965
1495
1415
2250
888
1789
2425
457
186
2382
45
2714
1693
2642
1081
2312
1996
2966
1366
790
61
1489
1659
1635
2219
336
992
323
781
2602
805
1627
2618
2105
663
1092
1138
1549
1933
1108
1736
1231
496
1028
709
2544
1217
936
1436
1309
1539
290
1814
4
868
56
1284
1017
2275
1665
1912
2610
2459
1188
1348
1633
1832
2734
1906
1650
2210
2707
1775
420
308
2721
2507
1199
2957
2461
2207
1190
2710
2600
1136
2578
2238
893
115
2915
1572
1647
2343
1751
2339
2995
2626
1614
1685
1419
2080
2098
2856
1209
2489
1645
1165
1076
151
441
1973
1815
744
2746
2003
283
540
1133
2253
1886
1852
2812
668
282
1387
568
1562
2704
2596
1812
1964
1809
2045
16
1709
1261
578
361
2031
2512
11
2056
2960
2999
1197
342
2506
2523
1544
907
284
787
2580
57
1378
2940
2809
262
1066
2121
2936
1807
926
1437
1136
2106
1952
1330
2967
600
1036
1616
515
2446
2599
1677
312
480
2636
124
1910
587
254
1935
1023
431
173
777
1757
894
2216
1665
1471
1012
476
2325
507
2209
75
450
792
606
563
188
29
200
2736
2003
1315
2031
2275
197
1108
696
2509
2716
1677
2675
1024
2557
2519
92
544
2657
1115
2972
254
225
2167
1137
1748
1796
2870
536
413
642
1041
1678
2603
2981
2362
2219
2808
711
2776
1182
1367
2423
2668
2120
2951
1420
1749
1662
624
2291
865
2771
29
1869
73
2383
1127
1568
2988
11
2230
624
2957
639
259
1660
1179
624
1477
686
1601
2865
2032
2747
362
1291
179
1991
0
687
431
2623
1718
2035
1310
1224
219
1557
2292
2264
376
905
2336
1431
1366
2492
1726
1920
1677
2404
985
1307
1505
2412
1806
2571
2218
894
781
69
1233
2071
381
2586
1062
2800
619
141
1479
109
2185
379
582
1980
656
1019
494
1486
2959
1122
463
1383
1330
728
450
599
2065
1597
839
2683
613
553
1692
2824
153
2713
2495
11
1720
1569
1843
2568
2467
2151
2510
2315
264
391
2249
2540
1887
1023
2044
538
121
67
2352
2752
812
2456
2062
2551
2184
1300
1616
2027
2717
220
2208
110
1861
90
2863
90
2658
1504
1932
2742
1173
1810
811
257
2653
2014
872
900
2407
21
338
760
481
1034
2537
2882
1641
1510
633
637
1504
2109
1391
1449
1160
2071
536
2959
949
475
725
1387
2828
880
7
955
772
2007
623
1997
2062
1712
14
2238
1596
2419
2347
1863
2174
1558
1269
1132
12
67
2179
2722
1366
2448
2254
263
884
1647
2779
2600
137
2823
620
611
2955
1138
2645
219
2709
2777
2143
2708
292
1276
749
1002
2152
13
1271
874
2671
2104
1701
186
1391
1200
1422
1215
1064
1957
1871
1413
1982
1877
1685
2350
2558
2870
2854
2409
1605
1210
1374
791
1458
66
2977
1983
2571
715
733
2491
1258
221
2544
2683
2318
173
585
2440
2484
2027
2761
2028
6
615
1173
1014
2631
354
612
2932
1412
1139
1379
2112
2757
2818
1401
47
35
187
1325
2993
2059
1933
1853
1407
2407
2252
2093
690
1269
2033
2935
823
2276
161
1418
315
1649
779
1932
1802
2588
935
756
2605
222
234
846
404
2175
1793
420
848
1798
187
1646
297
2167
420
739
2173
1299
1116
2605
1656
1364
534
600
417
1261
656
2700
1429
1199
2604
788
327
1460
2196
1834
1482
1753
648
1901
904
340
1436
550
22
2984
1681
2719
2372
1601
1790
1443
2369
1674
1779
208
1585
85
2322
211
2078
2087
2002
1575
621
1382
2916
1793
670
2160
281
1875
912
2863
2551
1228
2048
1887
257
2789
2090
2605
2089
2005
489
1385
2767
1936
105
623
359
2336
888
2234
2451
2732
1666
1888
535
515
1769
2297
2087
1886
2390
2390
1169
1552
2296
255
2801
200
890
234
2594
600
2874
588
286
25
353
391
1868
275
420
1081
499
85
795
2619
1851
995
139
1395
1669
2445
798
1994
179
2447
743
2196
2926
463
945
1326
1771
2019
985
1919
1480
1079
1734
2126
1047
1358
2624
496
473
1598
1991
553
539
1800
1530
706
1660
128
2938
2500
1610
2728
1058
487
194
2152
2980
1856
698
2615
2055
1422
343
2759
2449
1128
1100
2470
2065
2592
2889
466
592
1452
1157
724
2490
2087
2205
2231
689
2456
2338
890
1750
1967
196
291
944
816
1233
1958
862
2066
1319
1232
402
2918
977
1781
1193
2889
1947
971
2849
47
2341
965
1679
614
399
1760
266
2527
2771
94
2017
2041
2995
1615
2097
2974
851
1974
2446
217
2379
2266
79
2001
1997
2052
1237
1650
1870
331
1014
1068
1197
491
2878
1513
2219
529
912
2803
536
2498
1689
2286
1109
543
795
499
2204
1075
733
204
1261
2363
2861
2922
1451
2061
2442
2162
1488
685
203
874
518
56
2296
1278
2511
537
1536
389
760
2220
177
2798
2818
1997
2480
2138
735
62
1903
1040
392
2276
1474
326
734
364
1147
643
1892
2876
363
2268
2090
1616
1796
53
860
2957
277
1558
365
2794
1538
1130
1913
927
11
851
46
1948
582
126
171
108
2678
2273
705
2615
1642
722
190
1918
1284
250
944
269
2610
197
1902
2353
1460
342
1891
1056
2157
636
1689
1026
1458
657
2401
2240
12
567
1548
213
423
432
375
2036
1571
2097
654
2141
2521
1137
2572
2481
1846
936
632
445
1691
2624
769
2641
181
1218
183
777
393
668
608
2390
2520
2747
1606
315
1041
2939
1735
133
294
916
435
1270
2876
2196
2963
140
491
2491
1851
2889
1880
2085
917
2717
623
2902
1429
1708
1150
2367
2386
232
1339
2688
2415
2229
792
1000
1604
2812
2307
1539
1777
207
1385
1476
2414
2260
122
2235
509
97
2193
2486
176
1313
2063
842
201
1377
571
1692
984
895
2111
1893
2679
1677
439
2319
749
740
1875
655
2833
334
2165
1182
1248
921
2307
2867
603
1244
2030
1078
2450
1051
1095
1466
2595
565
58
1284
614
556
1010
2948
243
2755
1162
1957
744
1062
1286
957
1785
495
1857
1399
1177
236
230
2484
1947
2471
1096
806
2093
453
883
1355
138
980
705
415
2833
34
2947
1689
2194
1983
1703
1100
1919
605
2114
1974
1664
1395
438
2593
820
5
2835
1449
1814
808
129
1433
183
1436
2240
2882
636
1806
2178
2404
1646
704
707
1124
1983
1744
2919
1251
306
2488
2019
692
1617
1892
752
2080
120
1381
2922
1996
301
2293
1838
453
2174
97
869
259
2561
355
1114
1019
1207
2427
