2383
886
777
1915
1793
2335
2386
492
2649
421
362
1027
2690
2059
1763
2926
540
426
172
736
1211
368
567
429
782
530
1862
1123
67
1135
929
2802
2022
2058
2069
1167
1393
1456
2011
1042
2229
2373
2421
1919
1784
1537
2198
2324
2315
2370
413
526
91
980
956
873
1862
170
1996
2281
1305
2925
2084
327
2336
1505
1846
729
313
857
2124
2895
582
1545
1814
2367
434
1364
2043
2750
1087
2808
276
1178
788
1584
2403
2651
1754
1399
1932
60
1676
1368
739
1012
226
2586
2094
539
795
1570
434
1378
467
2601
1097
902
1317
492
652
2756
301
1280
1286
1441
2865
689
1444
1619
2440
729
2031
1117
2097
2771
2481
2675
2709
1927
567
856
497
1353
2586
965
1306
683
2219
2624
1528
2871
2732
1829
1503
1019
270
1368
1708
1715
340
1149
2796
2723
2618
2245
2846
2451
1921
2555
1379
2488
764
2228
841
350
193
2500
1034
2764
2124
2914
2987
1856
1743
1491
227
2365
2859
1936
1432
551
437
1228
275
407
474
121
2858
2395
29
1237
2235
793
818
428
1143
1011
2928
2529
776
2404
2443
763
1613
1538
2606
1840
904
2818
1128
2688
369
1917
917
996
2324
1743
1470
2183
1490
1499
772
725
2644
1590
1505
1139
2954
1786
669
1082
1542
464
2197
507
2355
1804
2348
611
1622
828
299
2343
2746
1568
340
2422
311
1810
1605
1801
661
2730
2878
305
1320
1736
1444
1626
522
2465
2708
2416
282
2258
2924
2637
1062
2624
600
36
452
899
2379
550
2468
71
2973
131
1881
1930
1933
2894
1660
2163
199
2981
899
1996
1959
1773
1813
1668
1190
2095
926
1466
2084
2340
1090
2684
2376
1542
936
2107
2445
756
2179
2418
887
1412
1348
172
1659
9
2336
2210
342
587
1206
2301
2713
372
1321
1255
2819
2599
2721
1904
1939
811
1940
1667
2705
228
1127
2150
984
658
1920
2224
2422
269
2396
1081
630
2084
292
972
2672
1850
625
2385
2222
2299
640
2042
1898
713
1298
1190
1524
590
209
1581
819
1336
732
2155
1994
4
1379
1769
273
776
2850
1255
2860
142
2579
2884
1993
205
2621
1567
2504
613
961
1754
1326
2259
2944
202
202
506
1784
1021
1842
2868
528
1189
2872
1908
2958
498
36
2808
1753
248
303
1333
133
2648
1890
2754
1567
1746
368
2529
500
2046
1788
797
2249
1990
1303
1033
363
497
1253
892
1686
1125
152
1996
1975
188
2157
729
436
2460
2414
921
2460
1304
1028
1027
50
1748
556
902
794
2697
1699
43
2039
2
1428
2403
500
2681
647
2538
1159
1151
1535
134
1339
692
1215
2127
504
629
49
2964
2285
1429
1343
2335
177
1900
238
971
1949
2289
1367
988
2292
2795
743
144
2829
1390
2682
1340
2541
1569
1826
1232
2261
42
360
117
1023
761
81
309
2190
1425
2996
2367
677
234
690
2626
2524
2057
614
2168
2205
1358
2312
2386
100
2346
726
2994
916
2552
1578
529
2946
2290
647
970
51
1080
1631
2593
2857
1627
2312
886
2214
355
512
2090
2412
1479
1610
1969
189
1274
1355
641
620
2433
987
1888
2338
2566
2770
2284
1856
417
606
2260
1849
2237
2205
2059
1217
1518
2945
783
1873
458
2873
1637
2289
1483
607
2478
2757
2314
471
729
2100
1459
2618
1438
1025
2388
1074
233
157
1681
2493
2358
1270
1699
1417
2839
569
1363
622
2794
2173
847
1431
1462
2682
2390
1292
2791
2057
2115
521
1157
574
491
2947
1951
231
1021
2537
740
54
2030
98
1325
1081
1516
1516
2002
231
2139
1796
2404
338
580
1218
21
2970
2862
2812
2379
1977
685
536
2904
1176
483
2207
1759
1857
1744
2499
1911
1127
2950
236
2560
1818
2105
1563
2049
1244
711
1805
1934
1291
375
1955
1614
589
1768
993
2918
2805
1882
2822
982
2717
2030
93
1574
1126
2593
486
2253
2543
1074
1814
1713
179
377
762
1775
1088
2919
710
2732
294
17
1346
1235
2137
2691
1153
1943
1573
1328
2925
1291
710
18
217
1836
2963
1055
1090
2858
2130
2904
1571
2661
633
2685
1789
2073
2604
2851
1805
250
2868
503
1485
2006
195
2639
949
2120
967
1226
763
1677
1596
981
865
1560
2036
1955
1770
1518
2211
342
1532
196
379
321
2270
2984
172
1427
234
40
2283
2072
2398
2830
2063
347
1950
30
1573
2714
2059
522
1047
2924
2082
435
2232
1204
1954
1443
1898
486
1640
2278
1159
1262
2262
1683
41
2848
1723
2324
2272
1122
2154
1335
1821
1457
1365
747
1171
776
1269
2218
701
703
2653
2933
1907
1959
1728
806
2797
720
84
1308
2334
2698
2991
2376
2898
1715
2052
2171
189
1559
506
2010
16
2224
109
1539
0
1378
1109
1053
2081
1114
1338
989
426
67
2147
223
787
2231
1532
122
2281
1875
2850
2179
590
2254
1350
1131
813
1857
494
1181
1081
603
2720
1433
1982
1181
2487
1415
2296
825
2404
2722
892
1551
297
2032
1134
2181
2506
415
1057
2708
2595
1999
1962
1297
483
2776
154
977
1309
1587
1932
1382
21
1266
2563
2860
2682
2211
685
2086
2285
1930
990
2583
1314
2476
2116
820
2892
525
528
2839
2525
2490
1136
360
2618
1643
1337
928
582
621
2310
955
1888
2225
815
1570
1437
1853
1008
722
783
2350
657
2097
1827
126
269
2071
651
1149
1910
528
639
398
888
610
2393
2577
1890
2976
199
1552
931
2087
777
2099
657
2566
952
2017
641
1735
1368
1298
1184
195
1776
1805
2266
2428
2954
1528
308
593
2278
1197
1555
1672
774
445
2000
1325
1997
283
412
127
2382
1421
